============================ Raw Args ============================
Namespace(batch_size=64, classification='y', dropout='n', dropout_prob=0.0, gpu_i=-1, imbalanced_sampler='n', k_folds='5', l2_reg='n', load_trained='n', log_dest='../models/sorting-2021-11-16_04-08-56', loss_freq=2, lr=0.005, model_name='SortingClassifier128', normalize='n', num_classes=5, num_epochs=20, optim='SGD', regression='n', root_dir='none', session_name='sorting', test_data_dir='none', test_labels_csv='none', train_data_dir='none', train_labels_csv='none', trained_path='../models/PMR_detection_0-3_two_to_one-2021-09-01_12-09-14/BEST_model.pth', val_freq=0, weight_decay_amnt=0.0, weighted_loss='n')



================================ Start Training ================================

Session Name: sorting

Model Name: SortingClassifier128
Device: cpu

Hyperparameters:
Batch Size: 64
Learning Rate: 0.005
Number of Epochs: 20
Normalization:n


FOLD 0
=================================================================
Train Epoch: 0 Iteration: 2 [128/225 (67%)]	 Batch 2 Loss: 1.599131


----------------- Epoch 0 -----------------

tensor([[[[0.0627, 0.0314, 0.0000,  ..., 0.0314, 0.0314, 0.0314],
          [0.0627, 0.0000, 0.0000,  ..., 0.0314, 0.0314, 0.0314],
          [0.0314, 0.0000, 0.0314,  ..., 0.0314, 0.0314, 0.0314],
          ...,
          [0.0314, 0.0314, 0.0000,  ..., 0.1569, 0.0941, 0.0627],
          [0.0314, 0.0314, 0.0314,  ..., 0.1255, 0.0627, 0.0314],
          [0.0000, 0.0314, 0.0314,  ..., 0.0941, 0.0627, 0.0000]],

         [[0.0471, 0.0627, 0.0627,  ..., 0.0314, 0.0314, 0.0314],
          [0.0471, 0.0471, 0.0627,  ..., 0.0314, 0.0157, 0.0314],
          [0.0627, 0.0314, 0.0627,  ..., 0.0471, 0.0314, 0.0471],
          ...,
          [0.0314, 0.0314, 0.0157,  ..., 0.1569, 0.1098, 0.0471],
          [0.0314, 0.0314, 0.0314,  ..., 0.1412, 0.0784, 0.0471],
          [0.0157, 0.0314, 0.0314,  ..., 0.1098, 0.0627, 0.0314]],

         [[0.0627, 0.0627, 0.0627,  ..., 0.0314, 0.0627, 0.0314],
          [0.0627, 0.0314, 0.0627,  ..., 0.0314, 0.0314, 0.0314],
          [0.0627, 0.0314, 0.0314,  ..., 0.0314, 0.0314, 0.0314],
          ...,
          [0.0314, 0.0000, 0.0000,  ..., 0.1255, 0.0000, 0.0314],
          [0.0000, 0.0314, 0.0314,  ..., 0.0627, 0.0627, 0.0314],
          [0.0000, 0.0000, 0.0314,  ..., 0.0314, 0.0627, 0.0314]]],


        [[[0.0000, 0.0000, 0.0000,  ..., 0.0314, 0.0627, 0.0000],
          [0.0000, 0.0000, 0.0000,  ..., 0.0314, 0.0627, 0.0000],
          [0.0000, 0.0000, 0.0314,  ..., 0.0314, 0.0314, 0.0314],
          ...,
          [0.0000, 0.0000, 0.0000,  ..., 0.0314, 0.0314, 0.0314],
          [0.0314, 0.0000, 0.0314,  ..., 0.0314, 0.0314, 0.0314],
          [0.0000, 0.0000, 0.0314,  ..., 0.0314, 0.0314, 0.0314]],

         [[0.0157, 0.0471, 0.0157,  ..., 0.0471, 0.0314, 0.0471],
          [0.0157, 0.0314, 0.0314,  ..., 0.0471, 0.0314, 0.0627],
          [0.0157, 0.0314, 0.0314,  ..., 0.0471, 0.0471, 0.0471],
          ...,
          [0.0157, 0.0157, 0.0314,  ..., 0.0471, 0.0314, 0.0314],
          [0.0314, 0.0314, 0.0314,  ..., 0.0314, 0.0314, 0.0471],
          [0.0157, 0.0314, 0.0314,  ..., 0.0314, 0.0314, 0.0471]],

         [[0.0314, 0.0627, 0.0314,  ..., 0.0627, 0.0314, 0.0314],
          [0.0314, 0.0314, 0.0314,  ..., 0.0627, 0.0314, 0.0314],
          [0.0314, 0.0314, 0.0627,  ..., 0.0627, 0.0941, 0.0314],
          ...,
          [0.0314, 0.0000, 0.0000,  ..., 0.0314, 0.0000, 0.0314],
          [0.0314, 0.0314, 0.0314,  ..., 0.0314, 0.0314, 0.0314],
          [0.0000, 0.0314, 0.0314,  ..., 0.0314, 0.0314, 0.0314]]],


        [[[0.0000, 0.0000, 0.0000,  ..., 0.0000, 0.0314, 0.0000],
          [0.0000, 0.0000, 0.0000,  ..., 0.0000, 0.0314, 0.0000],
          [0.0314, 0.0000, 0.0000,  ..., 0.0000, 0.0314, 0.0000],
          ...,
          [0.0314, 0.0000, 0.0000,  ..., 0.0314, 0.0000, 0.0314],
          [0.0314, 0.0000, 0.0000,  ..., 0.0314, 0.0314, 0.0314],
          [0.0314, 0.0314, 0.0000,  ..., 0.0314, 0.0314, 0.0000]],

         [[0.0314, 0.0314, 0.0314,  ..., 0.0314, 0.0314, 0.0471],
          [0.0314, 0.0157, 0.0314,  ..., 0.0314, 0.0314, 0.0471],
          [0.0157, 0.0157, 0.0314,  ..., 0.0157, 0.0471, 0.0471],
          ...,
          [0.0314, 0.0157, 0.0314,  ..., 0.0471, 0.0314, 0.0314],
          [0.0314, 0.0314, 0.0314,  ..., 0.0314, 0.0314, 0.0471],
          [0.0314, 0.0314, 0.0314,  ..., 0.0314, 0.0314, 0.0314]],

         [[0.0314, 0.0627, 0.0314,  ..., 0.0314, 0.0314, 0.0627],
          [0.0314, 0.0314, 0.0314,  ..., 0.0314, 0.0314, 0.0627],
          [0.0627, 0.0314, 0.0314,  ..., 0.0627, 0.0314, 0.0627],
          ...,
          [0.0314, 0.0314, 0.0314,  ..., 0.0314, 0.0314, 0.0314],
          [0.0314, 0.0314, 0.0314,  ..., 0.0314, 0.0627, 0.0314],
          [0.0314, 0.0314, 0.0314,  ..., 0.0314, 0.0627, 0.0314]]],


        ...,


        [[[0.0000, 0.0314, 0.0314,  ..., 0.0314, 0.0314, 0.0314],
          [0.0000, 0.0314, 0.0314,  ..., 0.0314, 0.0314, 0.0314],
          [0.0314, 0.0000, 0.0314,  ..., 0.0627, 0.0314, 0.0314],
          ...,
          [0.0000, 0.0000, 0.0314,  ..., 0.0941, 0.0314, 0.0627],
          [0.0314, 0.0314, 0.0314,  ..., 0.0941, 0.0314, 0.0314],
          [0.0314, 0.0314, 0.0314,  ..., 0.0627, 0.0314, 0.0314]],

         [[0.0471, 0.0627, 0.0314,  ..., 0.0471, 0.0314, 0.0471],
          [0.0471, 0.0471, 0.0471,  ..., 0.0471, 0.0314, 0.0471],
          [0.0471, 0.0627, 0.0627,  ..., 0.0471, 0.0314, 0.0314],
          ...,
          [0.0157, 0.0157, 0.0314,  ..., 0.0627, 0.0471, 0.0314],
          [0.0314, 0.0314, 0.0314,  ..., 0.0627, 0.0314, 0.0471],
          [0.0157, 0.0314, 0.0314,  ..., 0.0471, 0.0471, 0.0314]],

         [[0.0314, 0.0627, 0.0314,  ..., 0.0314, 0.0314, 0.0314],
          [0.0314, 0.0314, 0.0314,  ..., 0.0314, 0.0314, 0.0314],
          [0.0627, 0.0314, 0.0627,  ..., 0.0627, 0.0314, 0.0314],
          ...,
          [0.0000, 0.0000, 0.0000,  ..., 0.0314, 0.0314, 0.0000],
          [0.0314, 0.0314, 0.0314,  ..., 0.0314, 0.0627, 0.0314],
          [0.0314, 0.0314, 0.0314,  ..., 0.0314, 0.0627, 0.0314]]],


        [[[0.0314, 0.0314, 0.0000,  ..., 0.0000, 0.0314, 0.0000],
          [0.0314, 0.0000, 0.0000,  ..., 0.0000, 0.0314, 0.0314],
          [0.0314, 0.0000, 0.0000,  ..., 0.0000, 0.0314, 0.0314],
          ...,
          [0.0000, 0.0000, 0.0314,  ..., 0.0314, 0.0314, 0.0314],
          [0.0314, 0.0314, 0.0314,  ..., 0.0314, 0.0314, 0.0314],
          [0.0314, 0.0314, 0.0314,  ..., 0.0314, 0.0314, 0.0314]],

         [[0.0314, 0.0314, 0.0157,  ..., 0.0314, 0.0314, 0.0314],
          [0.0314, 0.0157, 0.0157,  ..., 0.0314, 0.0314, 0.0314],
          [0.0314, 0.0314, 0.0314,  ..., 0.0314, 0.0314, 0.0314],
          ...,
          [0.0314, 0.0157, 0.0314,  ..., 0.0314, 0.0314, 0.0314],
          [0.0314, 0.0314, 0.0314,  ..., 0.0314, 0.0314, 0.0314],
          [0.0314, 0.0314, 0.0314,  ..., 0.0314, 0.0314, 0.0314]],

         [[0.0314, 0.0314, 0.0314,  ..., 0.0314, 0.0314, 0.0314],
          [0.0314, 0.0000, 0.0314,  ..., 0.0314, 0.0314, 0.0314],
          [0.0314, 0.0314, 0.0314,  ..., 0.0314, 0.0314, 0.0314],
          ...,
          [0.0314, 0.0000, 0.0314,  ..., 0.0314, 0.0314, 0.0314],
          [0.0314, 0.0314, 0.0314,  ..., 0.0314, 0.0314, 0.0314],
          [0.0314, 0.0314, 0.0314,  ..., 0.0314, 0.0314, 0.0314]]],


        [[[0.0314, 0.0314, 0.0314,  ..., 0.0314, 0.0627, 0.0627],
          [0.0314, 0.0314, 0.0314,  ..., 0.0314, 0.0627, 0.0627],
          [0.0314, 0.0314, 0.0314,  ..., 0.0314, 0.0314, 0.0627],
          ...,
          [0.0000, 0.0314, 0.0000,  ..., 0.0627, 0.0627, 0.0314],
          [0.0314, 0.0000, 0.0314,  ..., 0.0314, 0.0314, 0.0314],
          [0.0314, 0.0000, 0.0314,  ..., 0.0314, 0.0314, 0.0314]],

         [[0.0471, 0.0471, 0.0314,  ..., 0.0471, 0.0314, 0.0471],
          [0.0314, 0.0314, 0.0471,  ..., 0.0471, 0.0314, 0.0471],
          [0.0314, 0.0157, 0.0314,  ..., 0.0627, 0.0471, 0.0471],
          ...,
          [0.0314, 0.0314, 0.0314,  ..., 0.0627, 0.0314, 0.0471],
          [0.0314, 0.0471, 0.0314,  ..., 0.0471, 0.0314, 0.0627],
          [0.0314, 0.0314, 0.0314,  ..., 0.0471, 0.0471, 0.0471]],

         [[0.0627, 0.0627, 0.0314,  ..., 0.0627, 0.0627, 0.0314],
          [0.0627, 0.0627, 0.0314,  ..., 0.0627, 0.0627, 0.0627],
          [0.0314, 0.0627, 0.0314,  ..., 0.0314, 0.0627, 0.0627],
          ...,
          [0.0627, 0.0314, 0.0314,  ..., 0.0314, 0.0314, 0.0314],
          [0.0314, 0.0314, 0.0314,  ..., 0.0314, 0.0314, 0.0314],
          [0.0314, 0.0314, 0.0314,  ..., 0.0314, 0.0314, 0.0314]]]])
tensor([4, 1, 2, 3, 1, 1, 0, 1, 3, 3, 0, 0, 0, 0, 0, 3, 3, 2, 1, 1, 0, 3, 4, 3,
        2, 0, 2, 2, 4, 3, 3, 2, 4, 0, 0, 3, 3, 0, 2, 0, 2, 0, 0, 3, 1])
validation computation time: 0.0  minutes
tensor([[-0.0531, -0.1286, -0.2446,  0.0518, -0.0925],
        [-0.0005, -0.2662, -0.2874,  0.0705, -0.2529],
        [-0.0039, -0.1491, -0.1725,  0.0122, -0.1350],
        [ 0.0099, -0.2193, -0.2264,  0.0836, -0.2003],
        [ 0.0134, -0.2361, -0.2627,  0.0596, -0.2188],
        [-0.0038, -0.2119, -0.2986,  0.0631, -0.1750],
        [-0.0520, -0.0965, -0.1675, -0.0039, -0.1191],
        [-0.0146, -0.2233, -0.2855,  0.0640, -0.1985],
        [ 0.0121, -0.2442, -0.3058,  0.0971, -0.2118],
        [ 0.0503, -0.2304, -0.2309,  0.0978, -0.1849],
        [-0.0378, -0.1341, -0.2620,  0.0462, -0.0920],
        [-0.0544, -0.1726, -0.2973,  0.0378, -0.1417],
        [-0.0682, -0.1564, -0.3082,  0.0147, -0.1265],
        [-0.0238, -0.2153, -0.2826,  0.0345, -0.2008],
        [ 0.0018, -0.2571, -0.3105,  0.0746, -0.2297],
        [-0.0018, -0.2311, -0.2648,  0.1195, -0.1942],
        [-0.0325, -0.2695, -0.3386,  0.0342, -0.2605],
        [ 0.0163, -0.2107, -0.2254,  0.0512, -0.1875],
        [-0.0137, -0.2749, -0.3378,  0.0358, -0.2505],
        [ 0.0035, -0.2192, -0.2499,  0.0512, -0.1990],
        [-0.0458, -0.1515, -0.2566,  0.0176, -0.1305],
        [ 0.0009, -0.2825, -0.2885,  0.0969, -0.2562],
        [-0.0225, -0.1666, -0.2526,  0.0838, -0.1245],
        [ 0.0145, -0.1948, -0.2429,  0.0503, -0.1648],
        [ 0.0022, -0.1964, -0.2333,  0.0393, -0.1838],
        [-0.0542, -0.2175, -0.2307,  0.0828, -0.2136],
        [-0.0150, -0.1600, -0.2309,  0.0257, -0.1395],
        [ 0.0318, -0.1918, -0.1946,  0.0567, -0.1697],
        [-0.0420, -0.1188, -0.1739,  0.0881, -0.0880],
        [-0.0107, -0.1588, -0.2128,  0.0469, -0.1492],
        [-0.0107, -0.1588, -0.2128,  0.0469, -0.1492],
        [ 0.0228, -0.1444, -0.1494,  0.0297, -0.1302],
        [-0.0547, -0.1101, -0.2334,  0.0677, -0.0649],
        [-0.0358, -0.1400, -0.2751,  0.0758, -0.0850],
        [ 0.0139, -0.2394, -0.2534,  0.0878, -0.2146],
        [-0.0204, -0.2389, -0.3227,  0.0484, -0.2145],
        [ 0.0009, -0.2825, -0.2885,  0.0969, -0.2562],
        [-0.0421, -0.1889, -0.2579,  0.0609, -0.1676],
        [-0.0055, -0.0525, -0.0557,  0.0085, -0.0533],
        [-0.0270, -0.1637, -0.2193,  0.0506, -0.1457],
        [ 0.0116, -0.1999, -0.2835,  0.0343, -0.1525],
        [-0.0442, -0.2220, -0.3199,  0.0108, -0.2130],
        [-0.0682, -0.1564, -0.3082,  0.0147, -0.1265],
        [ 0.0209, -0.2096, -0.2323,  0.0633, -0.1855],
        [ 0.0052, -0.2508, -0.2769,  0.0706, -0.2326]])
tensor([4, 1, 2, 3, 1, 1, 0, 1, 3, 3, 0, 0, 0, 0, 0, 3, 3, 2, 1, 1, 0, 3, 4, 3,
        2, 0, 2, 2, 4, 3, 3, 2, 4, 0, 0, 3, 3, 0, 2, 0, 2, 0, 0, 3, 1])
Confusion Matrix
tensor([[ 0,  0,  0,  0,  0],
        [ 0,  0,  0,  0,  0],
        [ 0,  0,  0,  0,  0],
        [14,  7,  8, 12,  4],
        [ 0,  0,  0,  0,  0]])
class 0 accuracy: 0.0000%
class 1 accuracy: 0.0000%
class 2 accuracy: 0.0000%
class 3 accuracy: 100.0000%
class 4 accuracy: 0.0000%

Validation Loss: 1.5738, Accuracy: 12/225 (5%)
Training Loss:1.6071
Best Accuracy: 5.333333%
Time Elapsed: 0h 0m 6s

--------------------------------------------------------


================================ QUIT ================================
 Saving Model ...
